TESTS

__________________________________________________

HILL FRAME
 
r_BN_N[3] = [ 500.000000000000 500.000000000000 1000.000000000000 ] 
 
v_BN_N[3] = [ 0.000000000000 20.000000000000 0.000000000000 ] 
 
celBdyPositonVector[3] = [ -500.000000000000 -500.000000000000 0.000000000000 ] 
 
celBdyPositonVector[3] = [ -500.000000000000 -500.000000000000 0.000000000000 ] 


Pointing:

sigma_R0N[3] = [ -0.061642308231 -0.193942998069 0.148817696548 ] 
 
omega_R0N_N[3] = [ -0.006666666667 0.000000000000 0.006666666667 ] 
 
domega_R0N_N[3] = [ 0.000088888889 -0.000000000000 -0.000088888889 ] 


Spinning:

t =  [ 0.000000000000 0.500000000000 1.000000000000 ] 

sigma_RN[3] =  [ 0.137270059148 -0.193942998069 0.148817696548 ] 
 
sigma_RN[3] =  [ 0.188844651960 -0.193942998069 0.148817696548 ] 
 
sigma_RN[3] =  [ 0.241704375376 -0.193942998069 0.148817696548 ] 
 
omega_RN_N[3] = [ 0.220058253863 0.226724920529 0.233391587196 ] 
 
domega_RN_N[3] = [ -0.001422610581 0.003022998940 -0.001600388359 ] 

__________________________________________________

VELOCITY FRAME

Pointing:
 
r_BN_N[3] = [ 500.000000000000 500.000000000000 1000.000000000000 ] 
 
v_BN_N[3] = [ 10.000000000000 10.000000000000 0.000000000000 ] 
 
celBdyPositonVector[3] = [ -500.000000000000 -500.000000000000 0.000000000000 ] 
 
celBdyPositonVector[3] = [ -500.000000000000 -500.000000000000 0.000000000000 ] 

 
sigma_R0N[3] = [ -0.163673308476 -0.395142321122 -0.163673308476 ] 
 
omega_R0N_N[3] = [ -0.003835534484 0.003835534484 0.000000000000 ] 
 
domega_R0N_N[3] = [ 0.000017865391 -0.000017865391 0.000000000000 ] 


Spinning:

t =  [ 0.000000000000 0.500000000000 1.000000000000 ] 
 
sigma_RN[3] =  [ 0.035239058903 -0.395142321122 -0.163673308476 ] 
 
sigma_RN[3] =  [ 0.086813651715 -0.395142321122 -0.163673308476 ] 
 
sigma_RN[3] =  [ 0.139673375131 -0.395142321122 -0.163673308476 ] 
 
omega_RN_N[3] = [ -0.003835534484 0.003835534484 0.392699081699 ] 
 
domega_RN_N[3] = [ 0.001524076260 0.001488345479 0.000000000000 ] 
 
