TESTS

__________________________________________________

VELOCITY FRAME

Pointing:
 
r_BN_N[3] = [ 500.000000000000 500.000000000000 1000.000000000000 ] 
 
v_BN_N[3] = [ 10.000000000000 10.000000000000 0.000000000000 ] 
 
celBdyPositonVector[3] = [ -500.000000000000 -500.000000000000 0.000000000000 ] 
 
celBdyPositonVector[3] = [ -500.000000000000 -500.000000000000 0.000000000000 ] 

 
sigma_R0N[3] = [ -0.163673308476 -0.395142321122 -0.163673308476 ] 
 
omega_R0N_N[3] = [ -0.003835534484 0.003835534484 0.000000000000 ] 
 
domega_R0N_N[3] = [ 0.000017865391 -0.000017865391 0.000000000000 ] 