/* Regression testing program for the orbital motion C-Library.
*
* Author:         Hanspeter Schaub
* Date;           June 19, 2005
* Organization:   Virginia Tech, Blacksburg, VA 24091
*/

#include <stdio.h>
#include <stdlib.h>
#include "orbitalMotion.h"
#include "astroConstants.h"
#include "vector3D.h"
#include "RigidBodyKinematics.h"

int round_double(double, double, int);

int error_count = 0;

void testRigidBodyKinematics(void);


int round_double(double v1, double v2, int num)
{
    int error = 0;
    double v;

    v = fabs(v1 - v2);

    if (v > fabs(v2)*pow(10.,-num)) error = 1;

    return error;
}

void testRigidBodyKinematics(void)
{
    double C[4][4], C2[4][4], v1[5], v2[5], v3[5], om[4], a;

    // set4(0.45226701686665, 0.75377836144441, 0.15075567228888, 0.45226701686665, v1);
    // set4(-0.18663083698528, 0.46657709246321, 0.83983876643378, -0.20529392068381, v2);
    // addEP(v1,v2,v3);
    // set4(-0.46986547690254, -0.34044145332460, 0.71745926113861, 0.38545850500388, v1);
    // if (!(V4equalCheck(v3, v1, 10))) {
    //     printf("addEP failed\n");
    //     printVector4("answer", v3);
    //     error_count++;
    // }

    // set3(10*D2R, 20*D2R, 30*D2R, v1);
    // set3(-30*D2R, 200*D2R, 81*D2R, v2);
    // addEuler121(v1,v2,v3);
    // set3(-2.96705972839036, 2.44346095279206, 1.41371669411541,v1);
    // if (!(VequalCheck(v3, v1, 10))) {
    //     printf("addEuler121 failed\n");
    //     printVector("answer", v3);
    //     error_count++;
    // }

    // set3(10*D2R, 20*D2R, 30*D2R, v1);
    // set3(-30*D2R, 200*D2R, 81*D2R, v2);
    // addEuler123(v1,v2,v3);
    // set3(2.65556257351773, -0.34257634487528, -2.38843896474589,v1);
    // if (!(VequalCheck(v3, v1, 10))) {
    //     printf("addEuler123 failed\n");
    //     printVector("answer", v3);
    //     error_count++;
    // }

    // set3(10*D2R, 20*D2R, 30*D2R, v1);
    // set3(-30*D2R, 200*D2R, 81*D2R, v2);
    // addEuler131(v1,v2,v3);
    // set3(-2.96705972839036, 2.44346095279206, 1.41371669411541,v1);
    // if (!(VequalCheck(v3, v1, 10))) {
    //     printf("addEuler123 failed\n");
    //     printVector("answer", v3);
    //     error_count++;
    // }

    // set3(10*D2R, 20*D2R, 30*D2R, v1);
    // set3(-30*D2R, 200*D2R, 81*D2R, v2);
    // addEuler132(v1,v2,v3);
    // set3(2.93168877067466, -0.89056295435594, -2.11231276758895,v1);
    // if (!(VequalCheck(v3, v1, 10))) {
    //     printf("addEuler132 failed\n");
    //     printVector("answer", v3);
    //     error_count++;
    // }

    // set3(10*D2R, 20*D2R, 30*D2R, v1);
    // set3(-30*D2R, 200*D2R, 81*D2R, v2);
    // addEuler212(v1,v2,v3);
    // set3(-2.96705972839036,   2.44346095279206,   1.41371669411541,v1);
    // if (!(VequalCheck(v3, v1, 10))) {
    //     printf("addEuler212 failed\n");
    //     printVector("answer", v3);
    //     error_count++;
    // }

    // set3(10*D2R, 20*D2R, 30*D2R, v1);
    // set3(-30*D2R, 200*D2R, 81*D2R, v2);
    // addEuler213(v1,v2,v3);
    // set3(2.93168877067466,  -0.89056295435594,  -2.11231276758895,v1);
    // if (!(VequalCheck(v3, v1, 10))) {
    //     printf("addEuler213 failed\n");
    //     printVector("answer", v3);
    //     error_count++;
    // }

    // set3(10*D2R, 20*D2R, 30*D2R, v1);
    // set3(-30*D2R, 200*D2R, 81*D2R, v2);
    // addEuler231(v1,v2,v3);
    // set3(2.65556257351773,  -0.34257634487528,  -2.38843896474589,v1);
    // if (!(VequalCheck(v3, v1, 10))) {
    //     printf("addEuler231 failed\n");
    //     printVector("answer", v3);
    //     error_count++;
    // }

    // set3(10*D2R, 20*D2R, 30*D2R, v1);
    // set3(-30*D2R, 200*D2R, 81*D2R, v2);
    // addEuler232(v1,v2,v3);
    // set3(-2.96705972839036,   2.44346095279206,   1.41371669411541,v1);
    // if (!(VequalCheck(v3, v1, 10))) {
    //     printf("addEuler232 failed\n");
    //     printVector("answer", v3);
    //     error_count++;
    // }

    // set3(10*D2R, 20*D2R, 30*D2R, v1);
    // set3(-30*D2R, 200*D2R, 81*D2R, v2);
    // addEuler312(v1,v2,v3);
    // set3(2.65556257351773,  -0.34257634487528,  -2.38843896474589,v1);
    // if (!(VequalCheck(v3, v1, 10))) {
    //     printf("addEuler312 failed\n");
    //     printVector("answer", v3);
    //     error_count++;
    // }

    // set3(10*D2R, 20*D2R, 30*D2R, v1);
    // set3(-30*D2R, 200*D2R, 81*D2R, v2);
    // addEuler313(v1,v2,v3);
    // set3(-2.96705972839036,   2.44346095279206,   1.41371669411541,v1);
    // if (!(VequalCheck(v3, v1, 10))) {
    //     printf("addEuler313 failed\n");
    //     printVector("answer", v3);
    //     error_count++;
    // }

    // set3(10*D2R, 20*D2R, 30*D2R, v1);
    // set3(-30*D2R, 200*D2R, 81*D2R, v2);
    // addEuler321(v1,v2,v3);
    // set3(2.93168877067466,  -0.89056295435594,  -2.11231276758895,v1);
    // if (!(VequalCheck(v3, v1, 10))) {
    //     printf("addEuler321 failed\n");
    //     printVector("answer", v3);
    //     error_count++;
    // }

    // set3(10*D2R, 20*D2R, 30*D2R, v1);
    // set3(-30*D2R, 200*D2R, 81*D2R, v2);
    // addEuler323(v1,v2,v3);
    // set3(-2.96705972839036,   2.44346095279206,   1.41371669411541,v1);
    // if (!(VequalCheck(v3, v1, 10))) {
    //     printf("addEuler323 failed\n");
    //     printVector("answer", v3);
    //     error_count++;
    // }

    // set3( 1.5, 0.5, 0.5, v1);
    // set3(-0.5, 0.25, 0.15, v2);
    // addGibbs(v1, v2, v3);
    // set3(0.61290322580645,   0.17741935483871,   0.82258064516129, v1);
    // if (!(VequalCheck(v3, v1, 10))) {
    //     printf("addGibbs failed\n");
    //     printVector("answer", v3);
    //     error_count++;
    // }

    // set3( 1.5, 0.5, 0.5, v1);
    // set3(-0.5, 0.25, 0.15, v2);
    // addMRP(v1, v2, v3);
    // set3(0.58667769962764,  -0.34919321472900,   0.43690525444766, v1);
    // if (!(VequalCheck(v3, v1, 10))) {
    //     printf("addMRP failed\n");
    //     printVector("answer", v3);
    //     error_count++;
    // }

    // set3( 1.5, 0.5, 0.5, v1);
    // set3(-0.5, 0.25, 0.15, v2);
    // addPRV(v1, v2, v3);
    // set3(1.00227389370983,   0.41720669426711,   0.86837149207759, v1);
    // if (!(VequalCheck(v3, v1, 10))) {
    //     printf("addPRV failed\n");
    //     printVector("answer", v3);
    //     error_count++;
    // }

    // set3(30*D2R, -40*D2R, 15*D2R, v1);
    // BinvEuler121(v1,C);
    // set3(0.76604444311898, 0.0, 1.0, C2[1]);
    // set3(-0.16636567534280, 0.96592582628907, 0., C2[2]);
    // set3(-0.62088515301485, -0.25881904510252, 0., C2[3]);
    // if (!(MequalCheck(C,C2, 10))) {
    //     printf("BinvEuler121 failed\n");
    //     printMatrix("answer", C2);
    //     error_count++;
    // }

    // set3(30*D2R, -40*D2R, 15*D2R, v1);
    // BinvEuler123(v1,C);
    // set3(0.73994211169385,   0.25881904510252,                  0, C2[1]);
    // set3(-0.19826689127415,   0.96592582628907,                  0, C2[2]);
    // set3(-0.64278760968654,                  0,   1.00000000000000, C2[3]);
    // if (!(MequalCheck(C, C2, 10))) {
    //     printf("BinvEuler123 failed\n");
    //     printMatrix("answer", C);
    //     error_count++;
    // }

    // set3(30*D2R, -40*D2R, 15*D2R, v1);
    // BinvEuler131(v1,C);
    // set3(0.76604444311898,                  0,   1.00000000000000, C2[1]);
    // set3(0.62088515301485,   0.25881904510252,                  0, C2[2]);
    // set3(-0.16636567534280,   0.96592582628907,                  0, C2[3]);
    // if (!(MequalCheck(C, C2, 10))) {
    //     printf("BinvEuler131 failed\n");
    //     printMatrix("answer", C);
    //     error_count++;
    // }

    // set3(30*D2R, -40*D2R, 15*D2R, v1);
    // BinvEuler132(v1,C);
    // set3(0.73994211169385,  -0.25881904510252,                  0, C2[1]);
    // set3(0.64278760968654,                  0,   1.00000000000000, C2[2]);
    // set3(0.19826689127415,   0.96592582628907,                  0, C2[3]);
    // if (!(MequalCheck(C, C2, 10))) {
    //     printf("BinvEuler132 failed\n");
    //     printMatrix("answer", C);
    //     error_count++;
    // }

    // set3(30*D2R, -40*D2R, 15*D2R, v1);
    // BinvEuler212(v1,C);
    // set3(-0.16636567534280,   0.96592582628907,                  0, C2[1]);
    // set3(0.76604444311898,                  0,   1.00000000000000, C2[2]);
    // set3(0.62088515301485,   0.25881904510252,                  0, C2[3]);
    // if (!(MequalCheck(C, C2, 10))) {
    //     printf("BinvEuler212 failed\n");
    //     printMatrix("answer", C);
    //     error_count++;
    // }

    // set3(30*D2R, -40*D2R, 15*D2R, v1);
    // BinvEuler213(v1,C);
    // set3(0.19826689127415,   0.96592582628907,                  0, C2[1]);
    // set3(0.73994211169385,  -0.25881904510252,                  0, C2[2]);
    // set3(0.64278760968654,                  0,   1.00000000000000, C2[3]);
    // if (!(MequalCheck(C, C2, 10))) {
    //     printf("BinvEuler213 failed\n");
    //     printMatrix("answer", C);
    //     error_count++;
    // }

    // set3(30*D2R, -40*D2R, 15*D2R, v1);
    // BinvEuler231(v1,C);
    // set3(-0.64278760968654,                  0,   1.00000000000000, C2[1]);
    // set3(0.73994211169385,   0.25881904510252,                  0, C2[2]);
    // set3(-0.19826689127415,   0.96592582628907,                  0, C2[3]);
    // if (!(MequalCheck(C, C2, 10))) {
    //     printf("BinvEuler231 failed\n");
    //     printMatrix("answer", C);
    //     error_count++;
    // }

    // set3(30*D2R, -40*D2R, 15*D2R, v1);
    // BinvEuler232(v1,C);
    // set3(-0.62088515301485,  -0.25881904510252,                  0, C2[1]);
    // set3(0.76604444311898,                  0,   1.00000000000000, C2[2]);
    // set3(-0.16636567534280,   0.96592582628907,                  0, C2[3]);
    // if (!(MequalCheck(C, C2, 10))) {
    //     printf("BinvEuler232 failed\n");
    //     printMatrix("answer", C);
    //     error_count++;
    // }

    // set3(30*D2R, -40*D2R, 15*D2R, v1);
    // BinvEuler312(v1,C);
    // set3(-0.19826689127415,   0.96592582628907,                  0, C2[1]);
    // set3(-0.64278760968654,                  0,   1.00000000000000, C2[2]);
    // set3(0.73994211169385,   0.25881904510252,                  0, C2[3]);
    // if (!(MequalCheck(C, C2, 10))) {
    //     printf("BinvEuler312 failed\n");
    //     printMatrix("answer", C);
    //     error_count++;
    // }

    // set3(30*D2R, -40*D2R, 15*D2R, v1);
    // BinvEuler313(v1,C);
    // set3(-0.16636567534280,   0.96592582628907,                  0, C2[1]);
    // set3(-0.62088515301485,  -0.25881904510252,                  0, C2[2]);
    // set3(0.76604444311898,                  0,   1.00000000000000, C2[3]);
    // if (!(MequalCheck(C, C2, 10))) {
    //     printf("BinvEuler313 failed\n");
    //     printMatrix("answer", C);
    //     error_count++;
    // }

    // set3(30*D2R, -40*D2R, 15*D2R, v1);
    // BinvEuler321(v1,C);
    // set3(0.64278760968654,                  0,   1.00000000000000, C2[1]);
    // set3(0.19826689127415,   0.96592582628907,                  0, C2[2]);
    // set3(0.73994211169385,  -0.25881904510252,                  0, C2[3]);
    // if (!(MequalCheck(C, C2, 10))) {
    //     printf("BinvEuler321 failed\n");
    //     printMatrix("answer", C);
    //     error_count++;
    // }

    // set3(30*D2R, -40*D2R, 15*D2R, v1);
    // BinvEuler323(v1,C);
    // set3(0.62088515301485,   0.25881904510252,                  0, C2[1]);
    // set3(-0.16636567534280,   0.96592582628907,                  0, C2[2]);
    // set3(0.76604444311898,                  0,   1.00000000000000, C2[3]);
    // if (!(MequalCheck(C, C2, 10))) {
    //     printf("BinvEuler323 failed\n");
    //     printMatrix("answer", C);
    //     error_count++;
    // }

    set3(0.25,0.5,-0.5, v1);
    BinvGibbs(v1,C);
    set3(0.64,-0.32,-0.32, C2[1]);
    set3(0.32, 0.64, 0.16, C2[2]);
    set3(0.32, -0.16, 0.64, C2[3]);
    if (!(MequalCheck(C, C2, 10))) {
        printf("BinvGibbs failed\n");
        printMatrix("answer", C);
        error_count++;
    }

    set3(0.25,0.5,-0.5, v1);
    BinvMRP(v1,C);
    set3(0.2304, -0.3072, -0.512, C2[1]);
    set3(0.512, 0.384, 0, C2[2]);
    set3(0.3072, -0.4096, 0.3840, C2[3]);
    if (!(MequalCheck(C, C2, 10))) {
        printf("BinvMRP failed\n");
        printMatrix("answer", C);
        error_count++;
    }

    set3(0.25,0.5,-0.5, v1);
    BinvPRV(v1,C);
    set3(0.91897927113877,  -0.21824360100796,  -0.25875396543858, C2[1]);
    set3(0.25875396543858,   0.94936204446173,   0.07873902718102, C2[2]);
    set3(0.21824360100796,  -0.15975975604225,   0.94936204446173, C2[3]);
    if (!(MequalCheck(C, C2, 10))) {
        printf("BinvPRV failed\n");
        printMatrix("answer", C);
        error_count++;
    }

    set3(30*D2R, -40*D2R, 15*D2R, v1);
    BmatEuler121(v1,C);
    set3(0,  -0.40265095531125,  -1.50271382293774, C2[1]);
    set3(0,   0.96592582628907,  -0.25881904510252, C2[2]);
    set3(1.00000000000000,   0.30844852683273,   1.15114557365953, C2[3]);
    if (!(MequalCheck(C, C2, 10))) {
        printf("BmatEuler121 failed\n");
        printMatrix("answer", C);
        error_count++;
    }

    set3(30*D2R, -40*D2R, 15*D2R, v1);
    BmatEuler123(v1,C);
    set3(1.26092661459205,  -0.33786426809485,                  0, C2[1]);
    set3(0.25881904510252,   0.96592582628907,                  0, C2[2]);
    set3(0.81050800458377,  -0.21717496528718,   1.00000000000000, C2[3]);
    if (!(MequalCheck(C, C2, 10))) {
        printf("BmatEuler123 failed\n");
        printMatrix("answer", C);
        error_count++;
    }

    set3(30*D2R, -40*D2R, 15*D2R, v1);
    BmatEuler131(v1,C);
    set3(0,   1.50271382293774,  -0.40265095531125, C2[1]);
    set3(0,   0.25881904510252,   0.96592582628907, C2[2]);
    set3(1.00000000000000,  -1.15114557365953,   0.30844852683273, C2[3]);
    if (!(MequalCheck(C, C2, 10))) {
        printf("BmatEuler131 failed\n");
        printMatrix("answer", C);
        error_count++;
    }

    set3(30*D2R, -40*D2R, 15*D2R, v1);
    BmatEuler132(v1,C);
    set3(1.26092661459205,                  0,   0.33786426809485, C2[1]);
    set3(-0.25881904510252,                  0,   0.96592582628907, C2[2]);
    set3(-0.81050800458377,   1.00000000000000,  -0.21717496528718, C2[3]);
    if (!(MequalCheck(C, C2, 10))) {
        printf("BmatEuler132 failed\n");
        printMatrix("answer", C);
        error_count++;
    }

    set3(30*D2R, -40*D2R, 15*D2R, v1);
    BmatEuler212(v1,C);
    set3(-0.40265095531125,                  0,   1.50271382293774, C2[1]);
    set3(0.96592582628907,                  0,   0.25881904510252, C2[2]);
    set3(0.30844852683273,   1.00000000000000,  -1.15114557365953, C2[3]);
    if (!(MequalCheck(C, C2, 10))) {
        printf("BmatEuler212 failed\n");
        printMatrix("answer", C);
        error_count++;
    }

    set3(30*D2R, -40*D2R, 15*D2R, v1);
    BmatEuler213(v1,C);
    set3(0.33786426809485,   1.26092661459205,                  0, C2[1]);
    set3(0.96592582628907,  -0.25881904510252,                  0, C2[2]);
    set3(-0.21717496528718,  -0.81050800458377,   1.00000000000000, C2[3]);
    if (!(MequalCheck(C, C2, 10))) {
        printf("BmatEuler213 failed\n");
        printMatrix("answer", C);
        error_count++;
    }

    set3(30*D2R, -40*D2R, 15*D2R, v1);
    BmatEuler231(v1,C);
    set3(0,   1.26092661459205,  -0.33786426809485, C2[1]);
    set3(0,   0.25881904510252,   0.96592582628907, C2[2]);
    set3(1.00000000000000,   0.81050800458377,  -0.21717496528718, C2[3]);
    if (!(MequalCheck(C, C2, 10))) {
        printf("BmatEuler231 failed\n");
        printMatrix("answer", C);
        error_count++;
    }

    set3(30*D2R, -40*D2R, 15*D2R, v1);
    BmatEuler232(v1,C);
    set3(-1.50271382293774,                  0,  -0.40265095531125, C2[1]);
    set3(-0.25881904510252,                  0,   0.96592582628907, C2[2]);
    set3( 1.15114557365953,   1.00000000000000,   0.30844852683273, C2[3]);
    if (!(MequalCheck(C, C2, 10))) {
        printf("BmatEuler232 failed\n");
        printMatrix("answer", C);
        error_count++;
    }

    set3(30*D2R, -40*D2R, 15*D2R, v1);
    BmatEuler312(v1,C);
    set3(-0.33786426809485,                  0,   1.26092661459205, C2[1]);
    set3(0.96592582628907,                  0,   0.25881904510252, C2[2]);
    set3(-0.21717496528718,   1.00000000000000,   0.81050800458377, C2[3]);
    if (!(MequalCheck(C, C2, 10))) {
        printf("BmatEuler312 failed\n");
        printMatrix("answer", C);
        error_count++;
    }

    set3(30*D2R, -40*D2R, 15*D2R, v1);
    BmatEuler313(v1,C);
    set3(-0.40265095531125,  -1.50271382293774,                  0, C2[1]);
    set3(0.96592582628907,  -0.25881904510252,                  0, C2[2]);
    set3(0.30844852683273,   1.15114557365953,   1.00000000000000, C2[3]);
    if (!(MequalCheck(C, C2, 10))) {
        printf("BmatEuler313 failed\n");
        printMatrix("answer", C);
        error_count++;
    }

    set3(30*D2R, -40*D2R, 15*D2R, v1);
    BmatEuler321(v1,C);
    set3(0,   0.33786426809485,   1.26092661459205, C2[1]);
    set3(0,   0.96592582628907,  -0.25881904510252, C2[2]);
    set3(1.00000000000000,  -0.21717496528718,  -0.81050800458377, C2[3]);
    if (!(MequalCheck(C, C2, 10))) {
        printf("BmatEuler321 failed\n");
        printMatrix("answer", C);
        error_count++;
    }

    set3(30*D2R, -40*D2R, 15*D2R, v1);
    BmatEuler323(v1,C);
    set3(1.50271382293774,  -0.40265095531125,                  0, C2[1]);
    set3(0.25881904510252,   0.96592582628907,                  0, C2[2]);
    set3(-1.15114557365953,   0.30844852683273,   1.00000000000000, C2[3]);
    if (!(MequalCheck(C, C2, 10))) {
        printf("BmatEuler323 failed\n");
        printMatrix("answer", C);
        error_count++;
    }

    set3(0.25,0.5,-0.5, v1);
    BmatGibbs(v1,C);
    set3(1.06250000000000,   0.62500000000000,   0.37500000000000, C2[1]);
    set3(-0.37500000000000,   1.25000000000000,  -0.50000000000000, C2[2]);
    set3(-0.62500000000000,                  0,   1.25000000000000, C2[3]);
    if (!(MequalCheck(C, C2, 10))) {
        printf("BmatGibbs failed\n");
        printMatrix("answer", C);
        error_count++;
    }

    set3(0.25,0.5,-0.5, v1);
    BmatMRP(v1,C);
    set3(0.56250000000000,   1.25000000000000,   0.75000000000000, C2[1]);
    set3(-0.75000000000000,   0.93750000000000,  -1.00000000000000, C2[2]);
    set3(-1.25000000000000,                  0,   0.93750000000000, C2[3]);
    if (!(MequalCheck(C, C2, 10))) {
        printf("BmatMRP failed\n");
        printMatrix("answer", C);
        error_count++;
    }

    set3(0.25,0.5,-0.5, v1);
    BmatPRV(v1,C);
    set3(0.95793740211924,   0.26051564947019,   0.23948435052981, C2[1]);
    set3(-0.23948435052981,   0.97371087632453,  -0.14603129894038, C2[2]);
    set3(-0.26051564947019,   0.10396870105962,   0.97371087632453, C2[3]);
    if (!(MequalCheck(C, C2, 10))) {
        printf("BmatPRV failed\n");
        printMatrix("answer", C);
        error_count++;
    }

    set3(-0.506611258027956, -0.05213449187759728, 0.860596902153381, C[1]);
    set3(-0.7789950887797505, -0.4000755572346052, -0.4828107291273137, C[2]);
    set3(0.3694748772194938, -0.9149981110691346, 0.1620702682281828, C[3]);
    C2EP(C,v1);
    set4(0.2526773896521122, 0.4276078901804977, -0.4859180570232927, \
         0.7191587243944733, v2);
    if (!(VequalCheck(v1, v2, 10))) {
        printf("C2EP failed\n");
        printVector4("answer", v1);
        error_count++;
    }

    set3(-0.506611258027956, -0.05213449187759728, 0.860596902153381, C[1]);
    set3(-0.7789950887797505, -0.4000755572346052, -0.4828107291273137, C[2]);
    set3(0.3694748772194938, -0.9149981110691346, 0.1620702682281828, C[3]);
    C2Euler121(C,v1);
    set3(-3.081087141428621, 2.102046098550739, -1.127921895439695,  v2);
    if (!(VequalCheck(v1, v2, 10))) {
        printf("C2Euler121 failed\n");
        printVector("answer", v1);
        error_count++;
    }
    C2Euler123(C,v1);
    set3(1.395488250243478, 0.3784438476398376, 2.147410157986089,  v2);
    if (!(VequalCheck(v1, v2, 10))) {
        printf("C2Euler123 failed\n");
        printVector("answer", v1);
        error_count++;
    }
    C2Euler131(C,v1);
    set3(1.631301838956069, 2.102046098550739, 0.4428744313552013,  v2);
    if (!(VequalCheck(v1, v2, 10))) {
        printf("C2Euler131 failed\n");
        printVector("answer", v1);
        error_count++;
    }
    C2Euler132(C,v1);
    set3(-2.262757475208626, 0.8930615653924096, 2.511467464302149,  v2);
    if (!(VequalCheck(v1, v2, 10))) {
        printf("C2Euler132 failed\n");
        printVector("answer", v1);
        error_count++;
    }
    C2Euler212(C,v1);
    set3(-2.125637903992466, 1.982395614047245, -0.05691616561213509,  v2);
    if (!(VequalCheck(v1, v2, 10))) {
        printf("C2Euler212 failed\n");
        printVector("answer", v1);
        error_count++;
    }
    C2Euler213(C,v1);
    set3(1.157420789791818, 1.155503238813826, -3.012011225795042,  v2);
    if (!(VequalCheck(v1, v2, 10))) {
        printf("C2Euler213 failed\n");
        printVector("answer", v1);
        error_count++;
    }
    C2Euler231(C,v1);
    set3(-2.102846464319881, -0.05215813778076988, 1.982990154077466,  v2);
    if (!(VequalCheck(v1, v2, 10))) {
        printf("C2Euler231 failed\n");
        printVector("answer", v1);
        error_count++;
    }
    C2Euler232(C,v1);
    set3(-0.5548415771975691, 1.982395614047245, -1.627712492407032,  v2);
    if (!(VequalCheck(v1, v2, 10))) {
        printf("C2Euler232 failed\n");
        printVector("answer", v1);
        error_count++;
    }
    C2Euler312(C,v1);
    set3(2.045248068737305, -0.5038614866151004, -1.384653359078797,  v2);
    if (!(VequalCheck(v1, v2, 10))) {
        printf("C2Euler312 failed\n");
        printVector("answer", v1);
        error_count++;
    }
    C2Euler313(C,v1);
    set3(0.3837766626244829, 1.408008028147626, 2.082059614484753,  v2);
    if (!(VequalCheck(v1, v2, 10))) {
        printf("C2Euler313 failed\n");
        printVector("answer", v1);
        error_count++;
    }
    C2Euler321(C,v1);
    set3(-3.039045355374235, -1.036440549977791, -1.246934586231547,  v2);
    if (!(VequalCheck(v1, v2, 10))) {
        printf("C2Euler321 failed\n");
        printVector("answer", v1);
        error_count++;
    }
    C2Euler323(C,v1);
    set3(-1.187019664170414, 1.408008028147626, -2.630329365899936,  v2);
    if (!(VequalCheck(v1, v2, 10))) {
        printf("C2Euler323 failed\n");
        printVector("answer", v1);
        error_count++;
    }

    set3(0.25,0.5,-0.5, v1);
    C2Gibbs(C,v1);
    set3(1.692307692307693, -1.923076923076923, 2.846153846153846,  v2);
    if (!(VequalCheck(v1, v2, 10))) {
        printf("C2Gibbs failed\n");
        printVector("answer", v1);
        error_count++;
    }
    C2MRP(C,v1);
    set3(0.3413551595269481, -0.3879035903715318, 0.5740973137498672,  v2);
    if (!(VequalCheck(v1, v2, 10))) {
        printf("C2MRP failed\n");
        printVector("answer", v1);
        error_count++;
    }
    C2PRV(C,v1);
    set3(1.162634795241009, -1.321175903682964, 1.955340337450788,  v2);
    if (!(VequalCheck(v1, v2, 10))) {
        printf("C2PRV failed\n");
        printVector("answer", v1);
        error_count++;
    }

    set4(0.2526773896521122, 0.4276078901804977, -0.4859180570232927, 0.7191587243944733, v1);
    set3(0.2,0.1,-0.5,om);
    dEP(v1,om,v3);
    set4(0.1613247949317332, 0.1107893170013107, 0.1914517144671774, 0.006802852798326098,v1);
    if (!(V4equalCheck(v1, v3, 10))) {
        printf("dEP failed\n");
        printVector4("answer", v3);
        error_count++;
    }

    set3(30*D2R, -40*D2R, 15*D2R, v1);
    set3(0.2,0.1,-0.5,om);
    dEuler121(v1,om,v3);
    set3(0.7110918159377425, 0.2260021051801672, -0.3447279341464908, v2);
    if (!(VequalCheck(v3, v2, 10))) {
        printf("dEuler121 failed\n");
        printVector("answer", v3);
        error_count++;
    }
    dEuler123(v1,om,v3);
    set3(0.2183988961089258, 0.148356391649411, -0.3596158956119647, v2);
    if (!(VequalCheck(v3, v2, 10))) {
        printf("dEuler123 failed\n");
        printVector("answer", v3);
        error_count++;
    }
    dEuler131(v1,om,v3);
    set3(0.3515968599493992, -0.4570810086342821, -0.06933882078231876, v2);
    if (!(VequalCheck(v3, v2, 10))) {
        printf("dEuler131 failed\n");
        printVector("answer", v3);
        error_count++;
    }
    dEuler132(v1,om,v3);
    set3(0.08325318887098565, -0.5347267221650382, 0.04648588172683711, v2);
    if (!(VequalCheck(v3, v2, 10))) {
        printf("dEuler132 failed\n");
        printVector("answer", v3);
        error_count++;
    }
    dEuler212(v1,om,v3);
    set3(-0.8318871025311179, 0.06377564270655334, 0.7372624921963103, v2);
    if (!(VequalCheck(v3, v2, 10))) {
        printf("dEuler212 failed\n");
        printVector("answer", v3);
        error_count++;
    }
    dEuler213(v1,om,v3);
    set3(0.1936655150781755, 0.1673032607475616, -0.6244857935158128, v2);
    if (!(VequalCheck(v3, v2, 10))) {
        printf("dEuler213 failed\n");
        printVector("answer", v3);
        error_count++;
    }
    dEuler231(v1,om,v3);
    set3(0.2950247955066306, -0.4570810086342821, 0.3896382831019671, v2);
    if (!(VequalCheck(v3, v2, 10))) {
        printf("dEuler231 failed\n");
        printVector("answer", v3);
        error_count++;
    }
    dEuler232(v1,om,v3);
    set3(-0.09921728693192147, -0.5347267221650384, 0.1760048513155397, v2);
    if (!(VequalCheck(v3, v2, 10))) {
        printf("dEuler232 failed\n");
        printVector("answer", v3);
        error_count++;
    }
    dEuler312(v1,om,v3);
    set3(-0.6980361609149971, 0.06377564270655331, -0.3486889953493196, v2);
    if (!(VequalCheck(v3, v2, 10))) {
        printf("dEuler312 failed\n");
        printVector("answer", v3);
        error_count++;
    }
    dEuler313(v1,om,v3);
    set3(-0.2308015733560238, 0.1673032607475616, -0.3231957372675008, v2);
    if (!(VequalCheck(v3, v2, 10))) {
        printf("dEuler312 failed\n");
        printVector("answer", v3);
        error_count++;
    }
    dEuler321(v1,om,v3);
    set3(-0.596676880486542, 0.2260021051801672, 0.5835365057631652, v2);
    if (!(VequalCheck(v3, v2, 10))) {
        printf("dEuler312 failed\n");
        printVector("answer", v3);
        error_count++;
    }
    dEuler323(v1,om,v3);
    set3(0.260277669056422, 0.148356391649411, -0.6993842620486324, v2);
    if (!(VequalCheck(v3, v2, 10))) {
        printf("dEuler312 failed\n");
        printVector("answer", v3);
        error_count++;
    }

    dGibbs(v1,om,v3);
    set3(0.236312018677072, 0.2405875488560276, -0.1665723597065136, v2);
    if (!(VequalCheck(v3, v2, 10))) {
        printf("dGibbs failed\n");
        printVector("answer", v3);
        error_count++;
    }
    dMRP(v1,om,v3);
    set3(0.144807895231133, 0.1948354871330581, 0.062187948908334, v2);
    if (!(VequalCheck(v3, v2, 10))) {
        printf("dMRP failed\n");
        printVector("answer", v3);
        error_count++;
    }
    dPRV(v1,om,v3);
    set3(0.34316538031149, 0.255728121815202, -0.3710557691157747, v2);
    if (!(VequalCheck(v3, v2, 10))) {
        printf("dPRV failed\n");
        printVector("answer", v3);
        error_count++;
    }

    set4(0.9110886174894189, 0.5746957711326909, -0.7662610281769212, 0.2873478855663454, v1);
    elem2PRV(v1,v3);
    set3(0.5235987755982988, -0.6981317007977318, 0.2617993877991494 ,v2);
    if (!(VequalCheck(v3, v2, 10))) {
        printf("elem2PRV failed\n");
        printVector("answer", v3);
        error_count++;
    }

    set4(0.2526773896521122, 0.4276078901804977, -0.4859180570232927, 0.7191587243944733 , v1);
    EP2C(v1,C);
    set3(-0.506611258027956, -0.05213449187759728, 0.860596902153381, C2[1]);
    set3(-0.7789950887797505, -0.4000755572346052, -0.4828107291273137, C2[2]);
    set3(0.3694748772194938, -0.9149981110691346, 0.1620702682281828, C2[3]);
    if (!(MequalCheck(C, C2, 10))) {
        printf("EP2C failed\n");
        printMatrix("answer", C);
        error_count++;
    }
    EP2Euler121(v1,v2);
    set3(3.202098165750965, 2.102046098550739, -1.127921895439695, v3);
    if (!(VequalCheck(v2, v3, 10))) {
        printf("EP2Euler121 failed\n");
        printVector("answer", v3);
        error_count++;
    }
    EP2Euler123(v1,v2);
    set3(1.395488250243478, 0.3784438476398376, 2.147410157986089, v3);
    if (!(VequalCheck(v2, v3, 10))) {
        printf("EP2Euler123 failed\n");
        printVector("answer", v3);
        error_count++;
    }
    EP2Euler131(v1,v2);
    set3(1.631301838956069, 2.102046098550739, 0.4428744313552013, v3);
    if (!(VequalCheck(v2, v3, 10))) {
        printf("EP2Euler131 failed\n");
        printVector("answer", v3);
        error_count++;
    }
    EP2Euler132(v1,v2);
    set3(-2.262757475208626, 0.8930615653924096, 2.511467464302149, v3);
    if (!(VequalCheck(v2, v3, 10))) {
        printf("EP2Euler132 failed\n");
        printVector("answer", v3);
        error_count++;
    }
    EP2Euler212(v1,v2);
    set3(-2.125637903992466, 1.982395614047245, -0.05691616561213508, v3);
    if (!(VequalCheck(v2, v3, 10))) {
        printf("EP2Euler212 failed\n");
        printVector("answer", v3);
        error_count++;
    }
    EP2Euler213(v1,v2);
    set3(1.157420789791818, 1.155503238813826, -3.012011225795042, v3);
    if (!(VequalCheck(v2, v3, 10))) {
        printf("EP2Euler213 failed\n");
        printVector("answer", v3);
        error_count++;
    }
    EP2Euler231(v1,v2);
    set3(-2.102846464319881, -0.05215813778076988, 1.982990154077466, v3);
    if (!(VequalCheck(v2, v3, 10))) {
        printf("EP2Euler231 failed\n");
        printVector("answer", v3);
        error_count++;
    }
    EP2Euler232(v1,v2);
    set3(-0.5548415771975691, 1.982395614047245, -1.627712492407032, v3);
    if (!(VequalCheck(v2, v3, 10))) {
        printf("EP2Euler232 failed\n");
        printVector("answer", v3);
        error_count++;
    }
    EP2Euler312(v1,v2);
    set3(2.045248068737305, -0.5038614866151004, -1.384653359078797, v3);
    if (!(VequalCheck(v2, v3, 10))) {
        printf("EP2Euler312 failed\n");
        printVector("answer", v3);
        error_count++;
    }
    EP2Euler313(v1,v2);
    set3(0.3837766626244828, 1.408008028147627, 2.082059614484753, v3);
    if (!(VequalCheck(v2, v3, 10))) {
        printf("EP2Euler313 failed\n");
        printVector("answer", v3);
        error_count++;
    }
    EP2Euler321(v1,v2);
    set3(-3.039045355374235, -1.036440549977791, -1.246934586231547, v3);
    if (!(VequalCheck(v2, v3, 10))) {
        printf("EP2Euler321 failed\n");
        printVector("answer", v3);
        error_count++;
    }
    EP2Euler323(v1,v2);
    set3(-1.187019664170414, 1.408008028147627, 3.65285594127965, v3);
    if (!(VequalCheck(v2, v3, 10))) {
        printf("EP2Euler323 failed\n");
        printVector("answer", v3);
        error_count++;
    }
    EP2Gibbs(v1,v2);
    set3(1.692307692307693, -1.923076923076923, 2.846153846153846, v3);
    if (!(VequalCheck(v2, v3, 10))) {
        printf("EP2Gibbs failed\n");
        printVector("answer", v3);
        error_count++;
    }
    EP2MRP(v1,v2);
    set3(0.3413551595269481, -0.3879035903715319, 0.5740973137498672, v3);
    if (!(VequalCheck(v2, v3, 10))) {
        printf("EP2MRP failed\n");
        printVector("answer", v3);
        error_count++;
    }
    EP2PRV(v1,v2);
    set3(1.162634795241009, -1.321175903682965, 1.955340337450788, v3);
    if (!(VequalCheck(v2, v3, 10))) {
        printf("EP2PRV failed\n");
        printVector("answer", v3);
        error_count++;
    }

    Euler1(1.3,C);
    set3(1, 0, 0, C2[1]);
    set3(0, 0.2674988286245874, 0.963558185417193, C2[2]);
    set3(0, -0.963558185417193, 0.2674988286245874, C2[3]);
    if (!(MequalCheck(C, C2, 10))) {
        printf("Euler1 failed\n");
        printMatrix("answer", C);
        error_count++;
    }
    Euler2(1.3,C);
    set3(0.2674988286245874, 0, -0.963558185417193, C2[1]);
    set3(0, 1, 0, C2[2]);
    set3(0.963558185417193, 0, 0.2674988286245874, C2[3]);
    if (!(MequalCheck(C, C2, 10))) {
        printf("Euler2 failed\n");
        printMatrix("answer", C);
        error_count++;
    }
    Euler3(1.3,C);
    set3(0.2674988286245874, 0.963558185417193, 0, C2[1]);
    set3(-0.963558185417193, 0.2674988286245874, 0, C2[2]);
    set3(0, 0, 1, C2[3]);
    if (!(MequalCheck(C, C2, 10))) {
        printf("Euler3 failed\n");
        printMatrix("answer", C);
        error_count++;
    }

    set3(0.5746957711326909, -0.7662610281769212, 0.2873478855663454 ,v1);
    Euler1212C(v1, C);
    set3(0.7205084754311385, -0.3769430728235922, 0.5820493593177511, C2[1]);
    set3(-0.1965294640304305, 0.6939446195986547, 0.692688266609151, C2[2]);
    set3(-0.6650140649638986, -0.6134776155495705, 0.4259125598286639, C2[3]);
    if (!(MequalCheck(C, C2, 10))) {
        printf("Euler1212C failed\n");
        printMatrix("answer", C);
        error_count++;
    }
    Euler1212EP(v1, v2);
    set4(0.8426692196316502, 0.3875084824890354, -0.3699741829975614, -0.05352444488005169 ,v3);
    if (!(V4equalCheck(v2, v3, 10))) {
        printf("Euler1212EP failed\n");
        printVector4("answer", v2);
        error_count++;
    }
    Euler1212Gibbs(v1, v2);
    set3(0.4598583565902931, -0.4390503110571495, -0.06351774057138154 ,v3);
    if (!(VequalCheck(v2, v3, 10))) {
        printf("Euler1212Gibbs failed\n");
        printVector("answer", v2);
        error_count++;
    }
    Euler1212MRP(v1, v2);
    set3(0.2102973655610845, -0.2007816590497557, -0.02904723447366817 ,v3);
    if (!(VequalCheck(v2, v3, 10))) {
        printf("Euler1212MRP failed\n");
        printVector("answer", v2);
        error_count++;
    }
    Euler1212PRV(v1, v2);
    set3(0.8184049632304388, -0.7813731087574279, -0.1130418386266624 ,v3);
    if (!(VequalCheck(v2, v3, 10))) {
        printf("Euler1212PRV failed\n");
        printVector("answer", v2);
        error_count++;
    }

    set3(0.5746957711326909, -0.7662610281769212, 0.2873478855663454 ,v1);
    Euler1232C(v1, C);
    set3(0.6909668228739537, -0.1236057418710468, 0.7122404581768593, C2[1]);
    set3(-0.2041991989591971, 0.9117724894309838, 0.3563335721781613, C2[2]);
    set3(-0.6934461311680212, -0.391653607277317, 0.6047643467291773, C2[3]);
    if (!(MequalCheck(C, C2, 10))) {
        printf("Euler1232C failed\n");
        printMatrix("answer", C);
        error_count++;
    }
    Euler1232EP(v1, v2);
    set4(0.8954752451958283, 0.2088240806958052, -0.3924414987701519, 0.02250019124496444 ,v3);
    if (!(V4equalCheck(v2, v3, 10))) {
        printf("Euler1232EP failed\n");
        printVector4("answer", v2);
        error_count++;
    }
    Euler1232Gibbs(v1, v2);
    set3(0.2331991663824702, -0.4382494109977661, 0.02512653628972619 ,v3);
    if (!(VequalCheck(v2, v3, 10))) {
        printf("Euler1232Gibbs failed\n");
        printVector("answer", v2);
        error_count++;
    }
    Euler1232MRP(v1, v2);
    set3(0.1101697746911123, -0.2070412155288303, 0.01187047485953311 ,v3);
    if (!(VequalCheck(v2, v3, 10))) {
        printf("Euler1232MRP failed\n");
        printVector("answer", v2);
        error_count++;
    }
    Euler1232PRV(v1, v2);
    set3(0.4328366663508259, -0.8134266388215754, 0.04663690000825693 ,v3);
    if (!(VequalCheck(v2, v3, 10))) {
        printf("Euler1232PRV failed\n");
        printVector("answer", v2);
        error_count++;
    }

    set3(0.5746957711326909, -0.7662610281769212, 0.2873478855663454 ,v1);
    Euler1312C(v1, C);
    set3(0.7205084754311385, -0.5820493593177511, -0.3769430728235922, C2[1]);
    set3(0.6650140649638986, 0.4259125598286639, 0.6134776155495705, C2[2]);
    set3(-0.1965294640304305, -0.692688266609151, 0.6939446195986547, C2[3]);
    if (!(MequalCheck(C, C2, 10))) {
        printf("Euler1312C failed\n");
        printMatrix("answer", C);
        error_count++;
    }
    Euler1312EP(v1, v2);
    set4(0.8426692196316502, 0.3875084824890354, 0.05352444488005169, -0.3699741829975614 ,v3);
    if (!(V4equalCheck(v2, v3, 10))) {
        printf("Euler1312EP failed\n");
        printVector4("answer", v2);
        error_count++;
    }
    Euler1312Gibbs(v1, v2);
    set3(0.4598583565902931, 0.06351774057138154, -0.4390503110571495 ,v3);
    if (!(VequalCheck(v2, v3, 10))) {
        printf("Euler1312Gibbs failed\n");
        printVector("answer", v2);
        error_count++;
    }
    Euler1312MRP(v1, v2);
    set3(0.2102973655610845, 0.02904723447366817, -0.2007816590497557 ,v3);
    if (!(VequalCheck(v2, v3, 10))) {
        printf("Euler1312MRP failed\n");
        printVector("answer", v2);
        error_count++;
    }
    Euler1312PRV(v1, v2);
    set3(0.8184049632304388, 0.1130418386266624, -0.7813731087574279 ,v3);
    if (!(VequalCheck(v2, v3, 10))) {
        printf("Euler1312PRV failed\n");
        printVector("answer", v2);
        error_count++;
    }

    set3(0.5746957711326909, -0.7662610281769212, 0.2873478855663454 ,v1);
    Euler1322C(v1, C);
    set3(0.6909668228739537, -0.404128912281835, -0.5993702294453531, C2[1]);
    set3(0.6934461311680212, 0.6047643467291773, 0.391653607277317, C2[2]);
    set3(0.2041991989591971, -0.6862506154337003, 0.6981137299618809, C2[3]);
    if (!(MequalCheck(C, C2, 10))) {
        printf("Euler1322C failed\n");
        printMatrix("answer", C);
        error_count++;
    }
    Euler1322EP(v1, v2);
    set4(0.8651365354042408, 0.3114838463640192, 0.2322088466732818, -0.3171681574333834 ,v3);
    if (!(V4equalCheck(v2, v3, 10))) {
        printf("Euler1322EP failed\n");
        printVector4("answer", v2);
        error_count++;
    }
    Euler1322Gibbs(v1, v2);
    set3(0.3600401018996109, 0.2684071671586273, -0.3666105226791566 ,v3);
    if (!(VequalCheck(v2, v3, 10))) {
        printf("Euler1322Gibbs failed\n");
        printVector("answer", v2);
        error_count++;
    }
    Euler1322MRP(v1, v2);
    set3(0.1670032410235906, 0.1244996504360223, -0.1700509058789317 ,v3);
    if (!(VequalCheck(v2, v3, 10))) {
        printf("Euler1322MRP failed\n");
        printVector("answer", v2);
        error_count++;
    }
    Euler1322PRV(v1, v2);
    set3(0.6525765328552258, 0.4864908592507521, -0.6644854907437873 ,v3);
    if (!(VequalCheck(v2, v3, 10))) {
        printf("Euler1322PRV failed\n");
        printVector("answer", v2);
        error_count++;
    }

    set3(0.5746957711326909, -0.7662610281769212, 0.2873478855663454 ,v1);
    Euler2122C(v1, C);
    set3(0.6939446195986547, -0.1965294640304305, -0.692688266609151, C2[1]);
    set3(-0.3769430728235922, 0.7205084754311385, -0.5820493593177511, C2[2]);
    set3(0.6134776155495705, 0.6650140649638986, 0.4259125598286639, C2[3]);
    if (!(MequalCheck(C, C2, 10))) {
        printf("Euler2122C failed\n");
        printMatrix("answer", C);
        error_count++;
    }
    Euler2122EP(v1, v2);
    set4(0.8426692196316502, -0.3699741829975614, 0.3875084824890354, 0.05352444488005169 ,v3);
    if (!(V4equalCheck(v2, v3, 10))) {
        printf("Euler2122EP failed\n");
        printVector4("answer", v2);
        error_count++;
    }
    Euler2122Gibbs(v1, v2);
    set3(-0.4390503110571495, 0.4598583565902931, 0.06351774057138154 ,v3);
    if (!(VequalCheck(v2, v3, 10))) {
        printf("Euler2122Gibbs failed\n");
        printVector("answer", v2);
        error_count++;
    }
    Euler2122MRP(v1, v2);
    set3(-0.2007816590497557, 0.2102973655610845, 0.02904723447366817 ,v3);
    if (!(VequalCheck(v2, v3, 10))) {
        printf("Euler2122MRP failed\n");
        printVector("answer", v2);
        error_count++;
    }
    Euler2122PRV(v1, v2);
    set3(-0.7813731087574279, 0.8184049632304388, 0.1130418386266624 ,v3);
    if (!(VequalCheck(v2, v3, 10))) {
        printf("Euler2122PRV failed\n");
        printVector("answer", v2);
        error_count++;
    }
