\begindata

BODY2000269_POLE_RA             = (  84.00      0.0         0.0 )
BODY2000269_POLE_DEC            = (  -56.00      0.0         0.0 )
BODY2000269_PM                  = (  316.2    260.797885    0.0 )
BODY2000269_CONSTANTS_JED_EPOCH = 2451545.0

BODY2033438_POLE_RA             = (  100.259358792137      0.0         0.0 )
BODY2033438_POLE_DEC            = (  8.43867345689709      0.0         0.0 )
BODY2033438_PM                  = (  344.702460756347    2004.52725354031    0.0 )
BODY2033438_CONSTANTS_JED_EPOCH = 2451545.0

BODY2059980_POLE_RA             = (  347.359872671740      0.0         0.0 )
BODY2059980_POLE_DEC            = (  -61.6296452980413      0.0         0.0 )
BODY2059980_PM                  = (  349.413401433822    2784.77571158444    0.0 )
BODY2059980_CONSTANTS_JED_EPOCH = 2451545.0

BODY2023871_POLE_RA             = (  344.580101367460      0.0         0.0 )
BODY2023871_POLE_DEC            = (  -2.63238322988857      0.0         0.0 )
BODY2023871_PM                  = (  288.100968799968    5855.05601282959    0.0 )
BODY2023871_CONSTANTS_JED_EPOCH = 2451545.0

BODY2088055_POLE_RA             = (  51.0790819057975      0.0         0.0 )
BODY2088055_POLE_DEC            = (  -14.0829691272705      0.0         0.0 )
BODY2088055_PM                  = (  329.664789068064    2272.33023817430    0.0 )
BODY2088055_CONSTANTS_JED_EPOCH = 2451545.0

BODY2013294_POLE_RA             = (  285.194638641440      0.0         0.0 )
BODY2013294_POLE_DEC            = (  82.7086367507225      0.0         0.0 )
BODY2013294_PM                  = (  236.066651696371    2504.48987623381    0.0 )
BODY2013294_CONSTANTS_JED_EPOCH = 2451545.0

BODY2000623_POLE_RA             = (  12.8562042867082      0.0         0.0 )
BODY2000623_POLE_DEC            = (  62.8432750563799      0.0         0.0 )
BODY2000623_PM                  = (  336.237569192718    439.489472750375    0.0 )
BODY2000623_CONSTANTS_JED_EPOCH = 2451545.0
