TESTS

__________________________________________________

HILL FRAME
 
r_BN_N[3] = [ 500.000000000000 500.000000000000 1000.000000000000 ] 
 
v_BN_N[3] = [ 0.000000000000 20.000000000000 0.000000000000 ] 
 
celBdyPositonVector[3] = [ -500.000000000000 -500.000000000000 0.000000000000 ] 
 
celBdyPositonVector[3] = [ -500.000000000000 -500.000000000000 0.000000000000 ] 


Pointing:

sigma_R0N[3] = [ -0.061642308231 -0.193942998069 0.148817696548 ] 
 
omega_R0N_N[3] = [ -0.006666666667 0.000000000000 0.006666666667 ] 
 
domega_R0N_N[3] = [ 0.000088888889 -0.000000000000 -0.000088888889 ] 
